size: 36
a: 7.118541783482510
b: 4.809076768464213
c: 3.162972092497387
2.487271664722043 -0.365688448826008 0.417876758598958 0.510000000000000
2.963672913027981 0.413653940388095 1.239648193358404 -0.510000000000000
2.753486623262777 -1.308849203089436 0.216868332242259 -0.470000000000000
2.524755338902289 -2.083681451446955 -0.370874797415616 0.310000000000000
3.516184377045340 -1.565719251560562 0.812173224355095 -0.110000000000000
4.284076992179195 -0.949270470463731 0.639688929687082 0.090000000000000
3.782284158469293 -2.507949023460485 0.610106494605879 0.090000000000000
3.224716613792801 -1.488964877229090 1.765611900414309 0.090000000000000
1.350836412254427 2.947841080006360 -0.166332945621034 -0.270000000000000
0.390475811860359 2.926386552516189 0.114907557260253 0.090000000000000
1.912698581651556 3.328091431104024 0.566247816541375 0.090000000000000
1.450355168263685 3.499365821956843 -0.995020146088631 0.090000000000000
1.654310752072765 2.014435284579112 -0.358090464729547 0.510000000000000
2.613677497218590 2.035779702859889 -0.639319666834450 -0.510000000000000
0.892751765336926 1.384663544484466 -0.200850313686492 -0.470000000000000
-0.066725572430461 1.364311168371306 0.080318708606783 0.310000000000000
1.337348833531304 0.022177871795111 -0.480219672545331 0.070000000000000
1.701510165705047 -0.011679560260740 -1.524781876745745 0.090000000000000
0.130235302307964 -0.943483605600004 -0.305394520428706 -0.180000000000000
-0.333017084343903 -0.693527469252596 0.678312832478461 0.090000000000000
0.512825789135929 -1.983726121800626 -0.243515389234581 0.090000000000000
-0.969825571857447 -0.844253705803306 -1.400465066154766 -0.180000000000000
-0.535335837340109 -1.178138809643493 -2.368887189008576 0.090000000000000
-1.208947813953568 0.224001787890212 -1.579933039700308 0.090000000000000
-2.237357921196839 -1.624523107252852 -1.016290100104496 0.200000000000000
-2.013723130898720 -2.716138277859923 -1.010650962864381 0.090000000000000
-3.024478953936708 -1.446234650887466 -1.782004607049069 0.090000000000000
-2.702437029387350 -1.193202173536535 0.335041345271805 -0.700000000000000
-2.704631356087122 -1.846076751130145 1.125398840878888 0.440000000000000
-3.145371935788282 0.021038774119331 0.643509479326819 0.640000000000000
-3.221516867134422 1.001900375792891 -0.212639145499892 -0.800000000000000
-2.907378945349747 0.757992371775989 -1.154954512918516 0.460000000000000
-3.574786887789534 1.906987245181815 0.102306963169660 0.460000000000000
-3.522845277486113 0.247465659502365 1.862702139197773 -0.800000000000000
-3.454213751423218 -0.531576227473952 2.520189364903838 0.460000000000000
-3.860880824336728 1.186590574253911 2.079315535732492 0.460000000000000
